-128 0
-127 0
-126 0
-125 0
-124 0
-123 0
-122 0
-121 0
-120 0
-119 0
-118 0
-117 0
-116 0
-115 0
-114 0
-113 0
-112 0
-111 0
-110 0
-109 0
-108 0
-107 0
-106 0
-105 0
-104 0
-103 0
-102 0
-101 0
-100 0
-99 0
-98 0
-97 0
-96 0
-95 0
-94 0
-93 0
-92 0
-91 0
-90 0
-89 0
-88 0
-87 0
-86 0
-85 0
-84 0
-83 0
-82 0
-81 0
-80 0
-79 0
-78 0
-77 0
-76 0
-75 0
-74 0
-73 0
-72 0
-71 0
-70 0
-69 0
-68 0
-67 0
-66 0
-65 0
-64 0
-63 0
-62 0
-61 0
-60 0
-59 0
-58 0
-57 0
-56 0
-55 0
-54 0
-53 0
-52 0
-51 0
-50 0
-49 0
-48 0
-47 0
-46 0
-45 0
-44 0
-43 0
-42 0
-41 0
-40 0
-39 0
-38 0
-37 0
-36 0
-35 0
-34 0
-33 0
-32 0
-31 0
-30 0
-29 0
-28 0
-27 0
-26 0
-25 0
-24 0
-23 0
-22 0
-21 0
-20 0
-19 0
-18 0
-17 0
-16 0
-15 0
-14 0
-13 0
-12 0
-11 0
-10 0
-9 0
-8 0
-7 0
-6 0
-5 0
-4 0
-3 0
-2 0
-1 0
0 2
1 2
2 2
3 2
4 2
5 2
6 2
7 2
8 2
9 8195
10 8194
11 8194
12 8194
13 8194
14 2
15 2
16 2
17 2
18 2
19 2
20 2
21 2
22 2
23 2
24 2
25 2
26 2
27 2
28 2
29 2
30 2
31 2
32 24577
33 49156
34 49156
35 49156
36 49156
37 49156
38 49156
39 49156
40 49156
41 49156
42 49156
43 49156
44 49156
45 49156
46 49156
47 49156
48 55304
49 55304
50 55304
51 55304
52 55304
53 55304
54 55304
55 55304
56 55304
57 55304
58 49156
59 49156
60 49156
61 49156
62 49156
63 49156
64 49156
65 54536
66 54536
67 54536
68 54536
69 54536
70 54536
71 50440
72 50440
73 50440
74 50440
75 50440
76 50440
77 50440
78 50440
79 50440
80 50440
81 50440
82 50440
83 50440
84 50440
85 50440
86 50440
87 50440
88 50440
89 50440
90 50440
91 49156
92 49156
93 49156
94 49156
95 49156
96 49156
97 54792
98 54792
99 54792
100 54792
101 54792
102 54792
103 50696
104 50696
105 50696
106 50696
107 50696
108 50696
109 50696
110 50696
111 50696
112 50696
113 50696
114 50696
115 50696
116 50696
117 50696
118 50696
119 50696
120 50696
121 50696
122 50696
123 49156
124 49156
125 49156
126 49156
127 2
128 0
129 0
130 0
131 0
132 0
133 0
134 0
135 0
136 0
137 0
138 0
139 0
140 0
141 0
142 0
143 0
144 0
145 0
146 0
147 0
148 0
149 0
150 0
151 0
152 0
153 0
154 0
155 0
156 0
157 0
158 0
159 0
160 0
161 0
162 0
163 0
164 0
165 0
166 0
167 0
168 0
169 0
170 0
171 0
172 0
173 0
174 0
175 0
176 0
177 0
178 0
179 0
180 0
181 0
182 0
183 0
184 0
185 0
186 0
187 0
188 0
189 0
190 0
191 0
192 0
193 0
194 0
195 0
196 0
197 0
198 0
199 0
200 0
201 0
202 0
203 0
204 0
205 0
206 0
207 0
208 0
209 0
210 0
211 0
212 0
213 0
214 0
215 0
216 0
217 0
218 0
219 0
220 0
221 0
222 0
223 0
224 0
225 0
226 0
227 0
228 0
229 0
230 0
231 0
232 0
233 0
234 0
235 0
236 0
237 0
238 0
239 0
240 0
241 0
242 0
243 0
244 0
245 0
246 0
247 0
248 0
249 0
250 0
251 0
252 0
253 0
254 0
255 0
256 32
257 0
258 0
259 0
260 0
261 0
262 40
263 0
264 67
265 0
266 41
267 0
268 0
269 0
270 0
271 0
272 60
273 0
274 60
275 0
276 0
277 0
278 0
279 0
280 45
281 0
282 0
283 0
284 0
285 0
286 40
287 0
288 82
289 0
290 41
291 0
292 0
293 0
294 0
295 0
296 117
297 0
298 0
299 0
300 0
301 0
302 44
303 0
304 0
305 0
306 0
307 0
308 62
309 0
310 62
311 0
312 0
313 0
314 0
315 0
316 32
317 0
318 49
319 0
320 47
321 0
322 52
323 0
324 32
325 0
326 0
327 0
328 0
329 0
330 32
331 0
332 49
333 0
334 47
335 0
336 50
337 0
338 32
339 0
340 0
341 0
342 0
343 0
344 32
345 0
346 51
347 0
348 47
349 0
350 52
351 0
352 32
353 0
354 0
355 0
356 0
357 0
358 65
359 0
360 69
361 0
362 0
363 0
364 0
365 0
366 120
367 0
368 0
369 0
370 0
371 0
372 115
373 0
374 115
375 0
376 0
377 0
378 0
379 0
380 97
381 0
382 101
383 0
384 0
385 0
386 0
387 0
388 73
389 0
390 74
391 0
392 0
393 0
394 0
395 0
396 105
397 0
398 106
399 0
400 0
401 0
402 0
403 0
404 39
405 0
406 110
407 0
408 0
409 0
410 0
411 0
412 79
413 0
414 69
415 0
416 0
417 0
418 0
419 0
420 111
421 0
422 101
423 0
424 0
425 0
426 0
427 0
428 115
429 0
430 0
431 0
432 0
433 0
434 76
435 0
436 74
437 0
438 0
439 0
440 0
441 0
442 76
443 0
444 106
445 0
446 0
447 0
448 0
449 0
450 108
451 0
452 106
453 0
454 0
455 0
456 0
457 0
458 78
459 0
460 74
461 0
462 0
463 0
464 0
465 0
466 78
467 0
468 106
469 0
470 0
471 0
472 0
473 0
474 110
475 0
476 106
477 0
478 0
479 0
480 0
481 0
482 68
483 0
484 90
485 0
486 0
487 0
488 0
489 0
490 68
491 0
492 122
493 0
494 0
495 0
496 0
497 0
498 100
499 0
500 122
501 0
502 0
503 0
504 0
505 0
506 39
507 0
508 0
509 0
510 0
511 0
512 94
513 0
514 0
515 0
516 0
517 0
518 39
519 0
520 0
521 0
522 0
523 0
524 96
525 0
526 0
527 0
528 0
529 0
530 95
531 0
532 0
533 0
534 0
535 0
536 58
537 0
538 0
539 0
540 0
541 0
542 126
543 0
544 0
545 0
546 0
547 0
548 72
549 0
550 0
551 0
552 0
553 0
554 104
555 0
556 0
557 0
558 0
559 0
560 83
561 0
562 83
563 0
564 0
565 0
566 0
567 0
568 115
569 0
570 115
571 0
572 0
573 0
574 0
575 0
576 35
577 0
578 0
579 0
580 0
581 0
582 35
583 0
584 96
585 0
586 0
587 0
588 0
589 0
590 87
591 0
592 0
593 0
594 0
595 0
596 119
597 0
598 0
599 0
600 0
601 0
602 105
603 0
604 0
605 0
606 0
607 0
608 115
609 0
610 0
611 0
612 0
613 0
614 115
615 0
616 0
617 0
618 0
619 0
620 115
621 0
622 0
623 0
624 0
625 0
626 63
627 0
628 0
629 0
630 0
631 0
632 74
633 0
634 0
635 0
636 0
637 0
638 96
639 0
640 0
641 0
642 0
643 0
644 96
645 0
646 0
647 0
648 0
649 0
650 65
651 0
652 0
653 0
654 0
655 0
656 59
657 0
658 0
659 0
660 0
661 0
662 69
663 0
664 0
665 0
666 0
667 0
668 73
669 0
670 0
671 0
672 0
673 0
674 73
675 0
676 0
677 0
678 0
679 0
680 79
681 0
682 0
683 0
684 0
685 0
686 89
687 0
688 0
689 0
690 0
691 0
692 79
693 0
694 0
695 0
696 0
697 0
698 73
699 0
700 0
701 0
702 0
703 0
704 65
705 0
706 0
707 0
708 0
709 0
710 86
711 0
712 0
713 0
714 0
715 0
716 71
717 0
718 0
719 0
720 0
721 0
722 68
723 0
724 0
725 0
726 0
727 0
728 69
729 0
730 0
731 0
732 0
733 0
734 90
735 0
736 0
737 0
738 0
739 0
740 73
741 0
742 0
743 0
744 0
745 0
746 84
747 0
748 72
749 0
750 0
751 0
752 0
753 0
754 73
755 0
756 0
757 0
758 0
759 0
760 75
761 0
762 0
763 0
764 0
765 0
766 76
767 0
768 0
769 0
770 0
771 0
772 77
773 0
774 0
775 0
776 0
777 0
778 78
779 0
780 0
781 0
782 0
783 0
784 88
785 0
786 0
787 0
788 0
789 0
790 79
791 0
792 0
793 0
794 0
795 0
796 80
797 0
798 0
799 0
800 0
801 0
802 82
803 0
804 0
805 0
806 0
807 0
808 83
809 0
810 0
811 0
812 0
813 0
814 84
815 0
816 0
817 0
818 0
819 0
820 89
821 0
822 0
823 0
824 0
825 0
826 70
827 0
828 0
829 0
830 0
831 0
832 67
833 0
834 72
835 0
836 0
837 0
838 0
839 0
840 80
841 0
842 83
843 0
844 0
845 0
846 0
847 0
848 79
849 0
850 0
851 0
852 0
853 0
854 73
855 0
856 0
857 0
858 0
859 0
860 89
861 0
862 0
863 0
864 0
865 0
866 97
867 0
868 0
869 0
870 0
871 0
872 101
873 0
874 0
875 0
876 0
877 0
878 105
879 0
880 0
881 0
882 0
883 0
884 105
885 0
886 0
887 0
888 0
889 0
890 121
891 0
892 0
893 0
894 0
895 0
896 97
897 0
898 0
899 0
900 0
901 0
902 118
903 0
904 0
905 0
906 0
907 0
908 103
909 0
910 0
911 0
912 0
913 0
914 100
915 0
916 0
917 0
918 0
919 0
920 101
921 0
922 0
923 0
924 0
925 0
926 122
927 0
928 0
929 0
930 0
931 0
932 105
933 0
934 0
935 0
936 0
937 0
938 116
939 0
940 104
941 0
942 0
943 0
944 0
945 0
946 105
947 0
948 0
949 0
950 0
951 0
952 107
953 0
954 0
955 0
956 0
957 0
958 108
959 0
960 0
961 0
962 0
963 0
964 109
965 0
966 0
967 0
968 0
969 0
970 110
971 0
972 0
973 0
974 0
975 0
976 120
977 0
978 0
979 0
980 0
981 0
982 111
983 0
984 0
985 0
986 0
987 0
988 112
989 0
990 0
991 0
992 0
993 0
994 114
995 0
996 0
997 0
998 0
999 0
1000 115
1001 0
1002 0
1003 0
1004 0
1005 0
1006 115
1007 0
1008 0
1009 0
1010 0
1011 0
1012 116
1013 0
1014 0
1015 0
1016 0
1017 0
1018 121
1019 0
1020 0
1021 0
1022 0
1023 0
1024 102
1025 0
1026 0
1027 0
1028 0
1029 0
1030 99
1031 0
1032 104
1033 0
1034 0
1035 0
1036 0
1037 0
1038 112
1039 0
1040 115
1041 0
1042 0
1043 0
1044 0
1045 0
1046 111
1047 0
1048 0
1049 0
1050 0
1051 0
1052 105
1053 0
1054 0
1055 0
1056 0
1057 0
1058 121
1059 0
1060 0
1061 0
1062 0
1063 0
1064 111
1065 0
1066 0
1067 0
1068 0
1069 0
1070 121
1071 0
1072 0
1073 0
1074 0
1075 0
1076 111
1077 0
1078 0
1079 0
1080 0
1081 0
1082 38
1083 0
1084 0
1085 0
1086 0
1087 0
1088 98
1089 0
1090 0
1091 0
1092 0
1093 0
1094 116
1095 0
1096 104
1097 0
1098 0
1099 0
1100 0
1101 0
1102 89
1103 0
1104 96
1105 0
1106 0
1107 0
1108 0
1109 0
1110 89
1111 0
1112 96
1113 0
1114 0
1115 0
1116 0
1117 0
1118 89
1119 0
1120 96
1121 0
1122 0
1123 0
1124 0
1125 0
1126 102
1127 0
1128 0
1129 0
1130 0
1131 0
1132 112
1133 0
1134 0
1135 0
1136 0
1137 0
1138 38
1139 0
1140 0
1141 0
1142 0
1143 0
1144 81
1145 0
1146 0
1147 0
1148 0
1149 0
1150 113
1151 0
1152 0
1153 0
1154 0
1155 0
1156 54
1157 0
1158 0
1159 0
1160 0
1161 0
1162 54
1163 0
1164 0
1165 0
1166 0
1167 0
1168 87
1169 0
1170 0
1171 0
1172 0
1173 0
1174 119
1175 0
1176 0
1177 0
1178 0
1179 0
1180 57
1181 0
1182 48
1183 0
1184 0
1185 0
1186 0
1187 0
1188 57
1189 0
1190 48
1191 0
1192 0
1193 0
1194 0
1195 0
1196 57
1197 0
1198 48
1199 0
1200 48
1201 0
1202 0
1203 0
1204 0
1205 0
1206 57
1207 0
1208 48
1209 0
1210 48
1211 0
1212 0
1213 0
1214 0
1215 0
1216 83
1217 0
1218 72
1219 0
1220 0
1221 0
1222 0
1223 0
1224 115
1225 0
1226 104
1227 0
1228 0
1229 0
1230 0
1231 0
1232 70
1233 0
1234 0
1235 0
1236 0
1237 0
1238 102
1239 0
1240 0
1241 0
1242 0
1243 0
1244 75
1245 0
1246 72
1247 0
1248 0
1249 0
1250 0
1251 0
1252 107
1253 0
1254 104
1255 0
1256 0
1257 0
1258 0
1259 0
1260 72
1261 0
1262 0
1263 0
1264 0
1265 0
1266 104
1267 0
1268 0
1269 0
1270 0
1271 0
1272 68
1273 0
1274 74
1275 0
1276 0
1277 0
1278 0
1279 0
1280 100
1281 0
1282 106
1283 0
1284 0
1285 0
1286 0
1287 0
1288 71
1289 0
1290 74
1291 0
1292 0
1293 0
1294 0
1295 0
1296 103
1297 0
1298 106
1299 0
1300 0
1301 0
1302 0
1303 0
1304 84
1305 0
1306 73
1307 0
1308 0
1309 0
1310 0
1311 0
1312 116
1313 0
1314 105
1315 0
1316 0
1317 0
1318 0
1319 0
1320 107
1321 0
1322 0
1323 0
1324 0
1325 0
1326 114
1327 0
1328 0
1329 0
1330 0
1331 0
1332 115
1333 0
1334 0
1335 0
1336 0
1337 0
1338 106
1339 0
1340 0
1341 0
1342 0
1343 0
1344 84
1345 0
1346 72
1347 0
1348 0
1349 0
1350 0
1351 0
1352 101
1353 0
1354 0
1355 0
1356 0
1357 0
1358 101
1359 0
1360 0
1361 0
1362 0
1363 0
1364 83
1365 0
1366 72
1367 0
1368 0
1369 0
1370 0
1371 0
1372 115
1373 0
1374 104
1375 0
1376 0
1377 0
1378 0
1379 0
1380 83
1381 0
1382 0
1383 0
1384 0
1385 0
1386 83
1387 0
1388 0
1389 0
1390 0
1391 0
1392 115
1393 0
1394 0
1395 0
1396 0
1397 0
1398 114
1399 0
1400 0
1401 0
1402 0
1403 0
1404 83
1405 0
1406 0
1407 0
1408 0
1409 0
1410 83
1411 0
1412 0
1413 0
1414 0
1415 0
1416 83
1417 0
1418 0
1419 0
1420 0
1421 0
1422 89
1423 0
1424 79
1425 0
1426 0
1427 0
1428 0
1429 0
1430 68
1431 0
1432 74
1433 0
1434 0
1435 0
1436 0
1437 0
1438 71
1439 0
1440 96
1441 0
1442 0
1443 0
1444 0
1445 0
1446 89
1447 0
1448 69
1449 0
1450 0
1451 0
1452 0
1453 0
1454 90
1455 0
1456 96
1457 0
1458 0
1459 0
1460 0
1461 0
1462 73
1463 0
1464 0
1465 0
1466 0
1467 0
1468 89
1469 0
1470 73
1471 0
1472 0
1473 0
1474 0
1475 0
1476 74
1477 0
1478 0
1479 0
1480 0
1481 0
1482 76
1483 0
1484 96
1485 0
1486 0
1487 0
1488 0
1489 0
1490 78
1491 0
1492 96
1493 0
1494 0
1495 0
1496 0
1497 0
1498 84
1499 0
1500 83
1501 0
1502 72
1503 0
1504 0
1505 0
1506 0
1507 0
1508 75
1509 0
1510 96
1511 0
1512 0
1513 0
1514 0
1515 0
1516 85
1517 0
1518 96
1519 0
1520 0
1521 0
1522 0
1523 0
1524 68
1525 0
1526 72
1527 0
1528 0
1529 0
1530 0
1531 0
1532 65
1533 0
1534 0
1535 0
1536 0
1537 0
1538 66
1539 0
1540 0
1541 0
1542 0
1543 0
1544 86
1545 0
1546 0
1547 0
1548 0
1549 0
1550 71
1551 0
1552 0
1553 0
1554 0
1555 0
1556 68
1557 0
1558 0
1559 0
1560 0
1561 0
1562 69
1563 0
1564 0
1565 0
1566 0
1567 0
1568 90
1569 0
1570 72
1571 0
1572 0
1573 0
1574 0
1575 0
1576 90
1577 0
1578 0
1579 0
1580 0
1581 0
1582 73
1583 0
1584 0
1585 0
1586 0
1587 0
1588 74
1589 0
1590 0
1591 0
1592 0
1593 0
1594 75
1595 0
1596 0
1597 0
1598 0
1599 0
1600 76
1601 0
1602 0
1603 0
1604 0
1605 0
1606 77
1607 0
1608 0
1609 0
1610 0
1611 0
1612 78
1613 0
1614 0
1615 0
1616 0
1617 0
1618 79
1619 0
1620 0
1621 0
1622 0
1623 0
1624 80
1625 0
1626 0
1627 0
1628 0
1629 0
1630 82
1631 0
1632 0
1633 0
1634 0
1635 0
1636 83
1637 0
1638 0
1639 0
1640 0
1641 0
1642 84
1643 0
1644 0
1645 0
1646 0
1647 0
1648 85
1649 0
1650 0
1651 0
1652 0
1653 0
1654 70
1655 0
1656 0
1657 0
1658 0
1659 0
1660 88
1661 0
1662 0
1663 0
1664 0
1665 0
1666 67
1667 0
1668 90
1669 0
1670 0
1671 0
1672 0
1673 0
1674 67
1675 0
1676 72
1677 0
1678 0
1679 0
1680 0
1681 0
1682 83
1683 0
1684 72
1685 0
1686 0
1687 0
1688 0
1689 0
1690 83
1691 0
1692 72
1693 0
1694 72
1695 0
1696 0
1697 0
1698 0
1699 0
1700 65
1701 0
1702 96
1703 0
1704 0
1705 0
1706 0
1707 0
1708 89
1709 0
1710 96
1711 0
1712 0
1713 0
1714 0
1715 0
1716 96
1717 0
1718 0
1719 0
1720 0
1721 0
1722 69
1723 0
1724 96
1725 0
1726 0
1727 0
1728 0
1729 0
1730 89
1731 0
1732 85
1733 0
1734 0
1735 0
1736 0
1737 0
1738 89
1739 0
1740 65
1741 0
1742 0
1743 0
1744 0
1745 0
1746 97
1747 0
1748 0
1749 0
1750 0
1751 0
1752 98
1753 0
1754 0
1755 0
1756 0
1757 0
1758 118
1759 0
1760 0
1761 0
1762 0
1763 0
1764 103
1765 0
1766 0
1767 0
1768 0
1769 0
1770 100
1771 0
1772 0
1773 0
1774 0
1775 0
1776 101
1777 0
1778 0
1779 0
1780 0
1781 0
1782 122
1783 0
1784 104
1785 0
1786 0
1787 0
1788 0
1789 0
1790 122
1791 0
1792 0
1793 0
1794 0
1795 0
1796 105
1797 0
1798 0
1799 0
1800 0
1801 0
1802 106
1803 0
1804 0
1805 0
1806 0
1807 0
1808 107
1809 0
1810 0
1811 0
1812 0
1813 0
1814 108
1815 0
1816 0
1817 0
1818 0
1819 0
1820 109
1821 0
1822 0
1823 0
1824 0
1825 0
1826 110
1827 0
1828 0
1829 0
1830 0
1831 0
1832 111
1833 0
1834 0
1835 0
1836 0
1837 0
1838 112
1839 0
1840 0
1841 0
1842 0
1843 0
1844 114
1845 0
1846 0
1847 0
1848 0
1849 0
1850 115
1851 0
1852 0
1853 0
1854 0
1855 0
1856 116
1857 0
1858 0
1859 0
1860 0
1861 0
1862 117
1863 0
1864 0
1865 0
1866 0
1867 0
1868 102
1869 0
1870 0
1871 0
1872 0
1873 0
1874 120
1875 0
1876 0
1877 0
1878 0
1879 0
1880 99
1881 0
1882 122
1883 0
1884 0
1885 0
1886 0
1887 0
1888 99
1889 0
1890 104
1891 0
1892 0
1893 0
1894 0
1895 0
1896 115
1897 0
1898 104
1899 0
1900 0
1901 0
1902 0
1903 0
1904 115
1905 0
1906 104
1907 0
1908 104
1909 0
1910 0
1911 0
1912 0
1913 0
1914 96
1915 0
1916 96
1917 0
1918 0
1919 0
1920 0
1921 0
1922 121
1923 0
1924 96
1925 0
1926 0
1927 0
1928 0
1929 0
1930 96
1931 0
1932 0
1933 0
1934 0
1935 0
1936 101
1937 0
1938 96
1939 0
1940 0
1941 0
1942 0
1943 0
1944 121
1945 0
1946 117
1947 0
1948 0
1949 0
1950 0
1951 0
1952 121
1953 0
1954 97
1955 0
1956 0
1957 0
1958 0
1959 0
1960 121
1961 0
1962 111
1963 0
1964 0
1965 0
1966 0
1967 0
1968 100
1969 0
1970 106
1971 0
1972 0
1973 0
1974 0
1975 0
1976 103
1977 0
1978 96
1979 0
1980 0
1981 0
1982 0
1983 0
1984 121
1985 0
1986 101
1987 0
1988 0
1989 0
1990 0
1991 0
1992 122
1993 0
1994 96
1995 0
1996 0
1997 0
1998 0
1999 0
2000 105
2001 0
2002 0
2003 0
2004 0
2005 0
2006 121
2007 0
2008 105
2009 0
2010 0
2011 0
2012 0
2013 0
2014 106
2015 0
2016 0
2017 0
2018 0
2019 0
2020 108
2021 0
2022 96
2023 0
2024 0
2025 0
2026 0
2027 0
2028 110
2029 0
2030 96
2031 0
2032 0
2033 0
2034 0
2035 0
2036 116
2037 0
2038 115
2039 0
2040 104
2041 0
2042 0
2043 0
2044 0
2045 0
2046 107
2047 0
2048 96
2049 0
2050 0
2051 0
2052 0
2053 0
2054 117
2055 0
2056 96
2057 0
2058 0
2059 0
2060 0
2061 0
2062 100
2063 0
2064 104
2065 0
2066 0
2067 0
2068 0
2069 0
2070 79
2071 0
2072 96
2073 0
2074 0
2075 0
2076 0
2077 0
2078 111
2079 0
2080 96
2081 0
2082 0
2083 0
2084 0
2085 0
2086 70
2087 0
2088 72
2089 0
2090 0
2091 0
2092 0
2093 0
2094 102
2095 0
2096 104
2097 0
2098 0
2099 0
2100 0
2101 0
2102 89
2103 0
2104 72
2105 0
2106 0
2107 0
2108 0
2109 0
2110 121
2111 0
2112 104
2113 0
2114 0
2115 0
2116 0
2117 0
2118 69
2119 0
2120 96
2121 0
2122 0
2123 0
2124 0
2125 0
2126 101
2127 0
2128 96
2129 0
2130 0
2131 0
2132 0
2133 0
2134 71
2135 0
2136 96
2137 0
2138 0
2139 0
2140 0
2141 0
2142 103
2143 0
2144 96
2145 0
2146 0
2147 0
2148 0
2149 0
2150 71
2151 0
2152 72
2153 0
2154 0
2155 0
2156 0
2157 0
2158 103
2159 0
2160 104
2161 0
2162 0
2163 0
2164 0
2165 0
2166 71
2167 0
2168 72
2169 0
2170 0
2171 0
2172 0
2173 0
2174 103
2175 0
2176 104
2177 0
2178 0
2179 0
2180 0
2181 0
2182 90
2183 0
2184 72
2185 0
2186 96
2187 0
2188 0
2189 0
2190 0
2191 0
2192 122
2193 0
2194 104
2195 0
2196 96
2197 0
2198 0
2199 0
